Open,High,Low,Close,Volume,Dividends,Stock Splits,Moving_Average,RSI,EMA_12,EMA_26,MACD,Signal_Line
178.33790961819957,178.91354717576903,176.24378588827238,178.44708251953125,67823000,0.0,0.0,,,178.44708251953125,178.44708251953125,0.0,0.0
179.5090242423061,179.56857034442828,175.678068518058,176.8491973876953,60378500,0.0,0.0,,,178.20125403771033,178.32872065791378,-0.12746662020344957,-0.025493324040689914
178.12944570765407,179.38989345940934,176.26360261853452,176.6308135986328,54686900,0.0,0.0,,,177.95964781631378,178.2029497646337,-0.24330194831992458,-0.06905504889653685
176.22338084720406,177.51532893244283,175.45813862661385,176.69046020507812,51988100,0.24,0.0,,,177.76438818381598,178.09091350096293,-0.3265253171469453,-0.12054910254661855
176.86935281922499,178.57871676071744,176.21343092354076,178.3501434326172,43675600,0.0,0.0,177.39353942871094,,177.85450437593926,178.1101157181225,-0.25561134218324355,-0.14756155047394356
177.7737337283927,178.37001397078072,175.9550494184861,176.35256958007812,43622600,0.0,0.0,176.97463684082032,,177.62343748426832,177.9799271153044,-0.35648963103608367,-0.1893471665863716
176.0345616520876,177.43583011971523,175.4084529729965,175.47802734375,46964900,0.0,0.0,176.70040283203124,,177.29337438572705,177.7946012063004,-0.5012268205733506,-0.2517230973837674
176.04446908210178,176.41217594781634,172.40710087754795,172.92388916015625,66062900,0.0,0.0,175.95901794433593,,176.6211458894854,177.43380772140083,-0.8126618319154204,-0.363910844290098
171.23443009200113,174.0171167915457,170.8965364290824,173.410888671875,61114200,0.0,0.0,175.3031036376953,,176.1272601636992,177.13581371773222,-1.0085535540330284,-0.4928393862386841
173.98729066685254,175.0407326935708,172.66551420323125,174.7525177001953,46311900,0.0,0.0,174.58357849121094,,175.91576132316013,176.95927327198876,-1.0435119488286375,-0.6029738987566748
175.96497956715007,176.58114035802282,175.15999139470742,176.13392639160156,42084200,0.0,0.0,174.53984985351562,,175.9493251798434,176.89813646603415,-0.9488112861907325,-0.6721413762434865
177.41596644953157,180.4272265262981,177.2271390578494,179.9998779296875,52722800,0.0,0.0,175.44421997070313,,176.5724871413579,177.12789509297144,-0.555407951613546,-0.6487946913174985
179.55266206734146,179.98001065949663,174.92147774645116,175.28919982910156,54945800,0.0,0.0,175.9172821044922,,176.3750583240877,176.9916954437959,-0.6166371197082015,-0.642363176995639
176.2830278458789,178.04207065789234,174.73267783183553,177.5054168701172,51449600,0.0,0.0,176.73618774414064,47.94975737815586,176.54895963886145,177.02974888278266,-0.48078924392120825,-0.610048390380753
178.97623493994635,179.4731427043403,177.4457656979585,179.07562255859375,43820700,0.0,0.0,177.6008087158203,51.280907904736665,176.93767701112796,177.18129508099088,-0.24361806986291867,-0.5367623262771861
178.5886452216866,183.75648287285222,178.38988515133815,182.98130798339844,53003900,0.0,0.0,178.97028503417968,61.42228760674093,177.86746639147725,177.6109256663544,0.2565407251228464,-0.3781017159971797
183.79623993812856,186.68824666593932,183.5974798721571,186.48947143554688,60813900,0.0,0.0,180.26820373535156,66.35883256995136,179.1939287059495,178.26859572333163,0.9253329826178742,-0.11741477627416894
186.6783166282915,187.95039936926207,186.3205424096171,186.7081298828125,60794500,0.0,0.0,182.55198974609374,66.53542791456317,180.3499596562361,178.8937464018117,1.456213254424398,0.19731082986554443
188.31811281370076,188.7454462185212,187.1155893336136,188.28829956054688,45732600,0.0,0.0,184.70856628417968,66.44735413325927,181.57124271843776,179.5896392283847,1.981603490053061,0.5541693619030478
187.11560855404784,188.80509211880627,186.44975389117812,188.52682495117188,45280000,0.0,0.0,186.59880676269532,71.39364421186532,182.64133229270456,180.2516529856282,2.3896793070763636,0.921271350937711
187.23484633917346,187.68207547486304,180.34771175415628,181.77880859375,81755800,0.0,0.0,186.35830688476562,59.177735953392975,182.50863633901923,180.36477562326687,2.1438607157523677,1.1657892239006424
174.09658267042076,177.10785742512675,172.4667259444429,176.4618682861328,112488800,0.0,0.0,184.3527862548828,54.76954812252204,181.57836433088286,180.07567137607174,1.502692954811124,1.2331699700827388
177.24702596882145,179.125336927239,176.69047647070752,177.07806396484375,65551300,0.0,0.0,182.42677307128906,54.9265563221256,180.88601042841532,179.85362638264743,1.0323840457678841,1.1930127852197678
178.9563633540274,179.18493667169957,176.24323613595504,178.25074768066406,58953100,0.0,0.0,180.4192626953125,54.72102191199946,180.48058539029975,179.73489462694496,0.7456907633547871,1.1035483808467719
178.37997587722177,179.01601728450376,173.7388586270757,175.20970153808594,90370200,0.0,0.0,177.7558380126953,48.806192896522525,179.66968018226686,179.39969513888133,0.26998504338553175,0.9368357133545239
175.41836231553663,176.2034850251751,172.9040104015583,173.13259887695312,84267900,0.0,0.0,176.02659606933594,40.699857166946046,178.66397536606476,178.9354657861459,-0.2714904200811361,0.6951704866673919
172.92390792735483,175.0109266750055,172.5065072107091,174.6531524658203,60895800,0.0,0.0,175.66485290527345,49.0571534557167,178.04692568910406,178.6182573920477,-0.5713317029436382,0.4418700487451859
175.38858357439403,175.4084641336489,172.745045441591,173.92767333984375,109205100,0.0,0.0,175.03477478027344,44.45129145894891,177.41319455844865,178.27080672151408,-0.8576121630654256,0.1819736063830636
175.38856362269223,178.27063780985006,175.08048322919404,176.86935424804688,67257600,0.0,0.0,174.75849609375,46.7179274389347,177.32952681838685,178.16699542718317,-0.8374686087963141,-0.021914836652811964
176.42213782123514,178.51908920430856,176.034550369597,177.96255493164062,51826900,0.0,0.0,175.30906677246094,41.8522546267969,177.42691575888745,178.1518516867726,-0.7249359278851557,-0.1625190548992807
178.15135166349975,178.58863288671643,174.31522342949023,174.40467834472656,58436200,0.0,0.0,175.56348266601563,30.412437681255483,176.96195615670885,177.8742832910655,-0.9123271343566444,-0.3124806707907535
173.4704849555213,175.209661944147,172.78474988798456,172.85430908203125,63047900,0.0,0.0,175.2037139892578,28.474379047653358,176.33001045291232,177.50243334965555,-1.1724228967432282,-0.4844691159812484
173.58976187810813,175.98486101486026,172.97360108411723,173.70901489257812,56725400,0.0,0.0,175.15998229980468,26.824711821223886,175.92678036670705,177.22143938987202,-1.294659023164968,-0.6465070974179923
173.12266501245767,175.87553831983675,173.07297120229282,174.9910430908203,46172700,0.0,0.0,174.78432006835936,29.174361119758316,175.7828207858014,177.05622484920153,-1.273404063400136,-0.7718864906144212
173.7388432559087,174.11648285641874,170.5983824508641,170.8965301513672,64588900,0.0,0.0,173.3711151123047,31.76829265175131,175.0310837651192,176.59995116788048,-1.5688674027612706,-0.9312826730437911
171.55245049373576,171.96985124175765,168.00453655333803,169.37599182128906,66921800,0.0,0.0,172.3653778076172,36.3984113222579,174.16106961991457,176.06484306813294,-1.9037734482183737,-1.1257808280787076
168.29272705350883,170.96609339598558,166.5833630389383,169.63438415527344,56294400,0.0,0.0,171.7213928222656,35.512591535793774,173.46465647150825,175.5885127782915,-2.123856306783239,-1.325395923819614
170.95614167013932,171.9996509482002,169.28652379235777,170.15115356445312,51814200,0.0,0.0,171.00982055664062,33.82297815798056,172.95488679349978,175.18574542911827,-2.230858635618489,-1.5064884661793891
170.16109351938684,173.22204712222216,169.87287852825236,172.67544555664062,52164500,0.0,0.0,170.54670104980468,44.83174101727742,172.91189583398298,174.9997972904162,-2.0879014564332294,-1.6227710642301574
171.1946676938173,172.55620536089927,169.76358598551198,171.33380126953125,49594600,0.0,0.0,170.6341552734375,46.21816012010933,172.66911205483657,174.72824202960993,-2.059129974773356,-1.710042846338797
170.03191555872357,173.13263069196074,169.91266253359177,172.58602905273438,53020300,0.0,0.0,171.27616271972656,45.60443090340981,172.65633005451315,174.56955958687843,-1.9132295323652784,-1.7506801835440935
172.7151938850701,174.3649313004983,171.61205804275627,173.82827758789062,48527900,0.0,0.0,172.11494140625,49.7931882285559,172.83662967503278,174.51464980917564,-1.6780201341428551,-1.736148173663846
172.72513710071527,176.88922647606876,172.10896117831024,176.39231872558594,57224100,0.0,0.0,173.36317443847656,48.99158964540005,173.38365875973327,174.6537363955764,-1.270077635843137,-1.6429340660997043
175.71651571148107,177.94266788538698,174.7127675180559,177.88304138183594,42390800,0.0,0.0,174.40469360351562,49.8346937027532,174.075871470826,174.89294417233637,-0.8170727015103694,-1.4777617931818374
176.99855858071479,178.60853494693302,176.84947714698436,177.28675842285156,43698000,0.0,0.0,175.59528503417968,56.83320864150545,174.56985407882993,175.07026374644863,-0.5004096676186975,-1.2822913680692094
177.09792315514355,178.7377278666485,176.50164294003199,178.6880340576172,47551100,0.0,0.0,176.81568603515626,63.92983182285545,175.2034202294126,175.33824673246113,-0.1348265030485436,-1.0527983950650763
178.95638111240146,181.21233159015208,177.9327371003315,179.59242248535156,56743100,0.0,0.0,177.96851501464843,64.01521127047258,175.8786513457109,175.65337086230485,0.22528048340603846,-0.7971826193708534
180.29802522104373,180.80486572035005,177.03831125012886,177.74392700195312,51427100,0.0,0.0,178.23883666992188,56.385473598818706,176.16561683128663,175.80822687264916,0.35738995863746936,-0.5662681037691889
175.65689773759766,177.97248977927228,175.41837654739012,177.61471557617188,52517000,0.0,0.0,178.18517150878907,69.09602858399411,176.3885550997305,175.94204085068787,0.4465142490426217,-0.36371163320682676
175.55750508309643,177.31656279493396,173.71895547455762,176.05441284179688,57549400,0.0,0.0,177.93870239257814,68.9401853353632,176.33714859850994,175.9503647018811,0.3867838966288275,-0.21361252723969593
174.4941311237392,176.48176216718392,174.027036615376,174.7525177001953,54764400,0.0,0.0,177.15159912109374,63.704051132287304,176.09335922953846,175.86163529434884,0.23172393518962053,-0.12454523475383264
174.9512775869872,176.74014855708347,174.10654349306773,174.3748779296875,59302900,0.0,0.0,176.10809020996095,61.394119312942905,175.82897749109986,175.75150511918875,0.07747237191111367,-0.08414171342084338
174.22581676799155,174.33513709455804,171.57233083888437,171.81085205078125,64189300,0.0,0.0,174.92147521972657,47.672620866644976,175.21080434643545,175.4596048918993,-0.2488005454638369,-0.11707347982944208
169.85301344001374,172.93383244025344,168.87906331617407,171.93008422851562,55980100,0.0,0.0,173.7845489501953,51.71819764681053,174.70607817444778,175.19815891683385,-0.49208074238606514,-0.1920749323407667
171.97979837385134,172.59595921387623,170.38968729481687,172.3673858642578,43816600,0.0,0.0,173.0471435546875,49.33892983124695,174.34627935749546,174.98847202405042,-0.642192666554962,-0.28209847918360575
170.81702981156988,171.98972493811345,169.59462570782657,170.04185485839844,57157000,0.0,0.0,172.10501098632812,39.25553813020289,173.68406020378822,174.62205593770585,-0.9379957339176315,-0.4132779301304109
169.31635357139493,170.32011700092076,164.64542343181446,165.85787963867188,70625300,0.0,0.0,170.401611328125,22.623997665217217,172.48003242453956,173.97285769333294,-1.492825268793382,-0.6291873978630051
165.87774586751993,167.9150706400693,165.79823880916834,167.1796417236328,58499100,0.0,0.0,169.47536926269532,21.93849221271536,171.66458770132314,173.46965651039218,-1.8050688090690414,-0.8643636801042124
167.97471206696315,170.11140947897792,167.82563063265053,169.23684692382812,51131000,0.0,0.0,168.9367218017578,30.396900715739648,171.29108912017006,173.15611505953558,-1.8650259393655233,-1.0644961319564747
168.30266621223763,169.8430681534906,166.86162156099337,169.71388244628906,44846000,0.0,0.0,168.40602111816406,27.116098456845364,171.04844193957297,172.90113486596175,-1.8526929263887837,-1.2221354908429367
169.94245541165574,173.15247532339345,169.0678928937645,172.8940887451172,56934900,0.0,0.0,168.97646789550782,34.69569328214489,171.33238760196437,172.9006129310844,-1.5682253291200254,-1.2913534584983544
174.43450739060134,176.68052504619254,174.37488088465793,176.47183227539062,77334800,0.0,0.0,171.09925842285156,47.30637554878624,172.12307139787612,173.1651476973293,-1.0420762994531856,-1.2414980266893205
173.16242643179135,175.72647236371952,172.27793120121478,175.55751037597656,79763700,0.0,0.0,172.77483215332032,45.78410078057036,172.65144662527618,173.34235974759946,-0.6909131223232805,-1.1313810458161124
175.28918637857382,178.32031158491046,175.12023955979996,178.12155151367188,63841300,0.0,0.0,174.55177307128906,54.068863606328925,173.4930012234909,173.69637395249373,-0.20337272900283665,-0.9457793824534573
178.07188398001148,181.31173276049725,177.86319118196494,180.69557189941406,70530000,0.0,0.0,176.74811096191405,61.14014564300873,174.60108901978677,174.21483305967303,0.3862559601137434,-0.6793723139400172
181.22228787755796,182.31547598204617,180.46697828651983,181.75894165039062,49340300,0.0,0.0,178.52108154296874,63.49438108251304,175.70229711680273,174.77365591824469,0.9286411985580401,-0.35776961144040575
181.82850773747478,182.98132230147056,180.6856107058037,181.2819061279297,53763500,0.0,0.0,179.48309631347655,68.73765680499095,176.56069850312994,175.25574852636947,1.3049499767604686,-0.025225693800230875
183.07312579736603,185.66045656490678,182.63526841968368,185.49127197265625,66133400,0.24,0.0,181.4698486328125,73.09237302580433,177.93463288305708,176.01393544831666,1.9206974347404184,0.363958931907899
184.91409464160964,185.12306234297503,183.31194313207843,183.89906311035156,43627500,0.0,0.0,182.62535095214844,68.89334885320918,178.85223753341006,176.59801897883776,2.2542185545723044,0.7420108564407801
186.78494160849297,187.1929464637487,185.3917728154259,186.52621459960938,60108400,0.0,0.0,183.7914794921875,76.74344224107243,180.0328493897484,177.33344087667268,2.699408513075724,1.1334903877677691
186.93422111937653,188.57617115328318,186.86455508690236,187.0934295654297,53790500,0.0,0.0,184.8583770751953,89.03208797619415,181.11909249369938,178.0564030017658,3.0626894919335825,1.519330208600932
188.64582412031268,190.02904704723116,187.73029590080972,188.78514099121094,54412900,0.0,0.0,186.35902404785156,89.1792473713337,182.29848457023962,178.8511243343173,3.447360235922332,1.904936214065212
189.32251104128505,189.45188213648447,187.65070850825023,188.76524353027344,50922700,0.0,0.0,187.013818359375,88.23800421038038,183.293370564091,179.58550353401773,3.7078670300732597,2.2655223772668216
188.96425501994514,190.97441144582112,188.9543092379418,190.5166473388672,46505100,0.0,0.0,188.33733520507812,88.79709732498577,184.40464391405658,180.39521788993252,4.009426024124053,2.614303106638268
190.47685219685218,190.586316538311,188.8149955106325,189.71060180664062,38134500,0.0,0.0,188.97421264648438,84.40995949187183,185.2209451283003,181.08524632820718,4.13569880009311,2.9185822453292367
190.55646496546896,191.98943200940647,189.89967891341405,190.37733459472656,39617700,0.0,0.0,189.63099365234376,82.30153739709392,186.0142358154428,181.77354916276417,4.240686652678619,3.1830031267991137
189.93949064110666,189.96934317427198,188.32739311257288,189.04388427734375,24048300,0.0,0.0,189.6827423095703,80.72956034320308,186.48033557881217,182.31209250458488,4.168243074227291,3.3800511162847493
188.994117188391,189.74046085550287,187.9790855494866,188.86474609375,40552600,0.0,0.0,189.70264282226563,77.46391408345438,186.84716796572567,182.79747425193042,4.04969371379525,3.51397963578685
188.85479867311508,190.14846405510127,188.47664635938358,189.47177124023438,38415400,0.0,0.0,189.49366760253906,74.94407546927599,187.25095308488085,183.29186662143442,3.9590864634464253,3.6030010013187654
189.96934782766124,191.15354895356518,188.04876395310575,188.44680786132812,43014200,0.0,0.0,189.24090881347655,69.05011926535325,187.4349307427958,183.67371412068582,3.7612166221099983,3.6346441254770125
188.9145072113341,189.39217809569718,187.27255720148867,189.0239715576172,48794400,0.0,0.0,188.9702362060547,71.92788204726615,187.67939856046064,184.07002948638444,3.6093690740761986,3.62958911519685
189.4021261680105,190.626125557136,188.30748269194632,190.3076934814453,45679300,0.0,0.0,189.222998046875,66.3514307352961,188.0837516252275,184.53207867120378,3.5516729540237293,3.614005882962226
189.05382196941733,189.12348800008925,186.53615721754525,188.50650024414062,43389500,0.0,0.0,189.15134887695314,65.42309267861137,188.14878987429105,184.8264802691991,3.3223096050919594,3.555666627388173
189.28270844769884,193.45226890347428,189.2528407319119,192.47705078125,66628400,0.0,0.0,189.75240478515624,68.27628545185296,188.81467616766935,185.39318919601766,3.4214869716516887,3.528830696240876
193.50202134703213,193.81050761672594,191.17343287476277,191.38241577148438,41089700,0.0,0.0,190.3395263671875,62.75904330892733,189.20971302979473,185.8368356090152,3.372877420779531,3.4976400411486077
192.68602720531442,194.0493433741143,192.64621370853777,193.32290649414062,47477700,0.0,0.0,191.19931335449218,63.30222784035555,189.84251202430949,186.39135937828374,3.451152646025747,3.488342562124036
193.25324166018223,195.03452363413496,192.72582670763535,194.75588989257812,53377300,0.0,0.0,192.08895263671874,66.21767539616512,190.59841631173543,187.01095423119443,3.587462080541002,3.508166465807429
192.1685693679781,192.54672168765146,190.48680586341095,192.23822021484375,60943700,0.0,0.0,192.83529663085938,54.47492731837527,190.85069383529057,187.39815911887217,3.4525347164183984,3.4970401159296234
192.13872941737026,193.770733747099,190.78535886215118,193.7607879638672,52696900,0.0,0.0,193.0920440673828,60.149679602139194,191.29840062430236,187.86946495924218,3.4289356650601803,3.483419225755735
194.13891526178818,197.03473239733867,193.90009500114147,196.99493408203125,70404200,0.0,0.0,194.21454772949218,64.6929127669392,192.17479038702987,188.54542563500434,3.6293647520255377,3.5126083310096954
197.05462270758053,198.64681332186495,195.20368991997998,197.14418029785156,66831600,0.0,0.0,194.9788024902344,68.98314527589268,192.93931191177168,189.1823704248449,3.7569414869267916,3.561474962193115
196.5670132843794,197.4327670575499,196.0395983209077,196.60682678222656,128256700,0.0,0.0,195.34898986816407,67.84406763924517,193.50354496876474,189.73233015502132,3.771214813743427,3.6034229325031775
195.13403475719855,195.67141069754175,193.4423254921639,194.9350128173828,55751900,0.0,0.0,195.8883483886719,62.0026402932348,193.72377079162908,190.11771405593697,3.606056735692107,3.6039496931409634
195.20369275359957,195.98983469805682,194.9350047944863,195.97988891601562,40714100,0.0,0.0,196.33216857910156,66.53557126646061,194.07086588768854,190.5519492307576,3.5189166569309407,3.5869430858989593
195.94008865557052,196.71628487042167,193.88018798828125,193.88018798828125,52242800,0.0,0.0,195.70921936035157,59.991824622453905,194.04153082624126,190.79848543501862,3.243045391222637,3.5181635469636947
195.14398662703297,196.11920471574882,192.55665597684,193.73089599609375,46482500,0.0,0.0,195.0265625,57.38825390698842,193.9937408523724,191.0157010321353,2.9780398202371146,3.410138801618379
194.22845757962483,194.45734722393942,192.02924020237552,192.6561737060547,37122800,0.0,0.0,194.23643188476564,59.2461331224488,193.78796129140045,191.13721752649968,2.650743764900767,3.258259794274857
192.66612369019674,192.94475743470915,191.88992751842636,192.10885620117188,28919300,0.0,0.0,193.67120056152345,49.0319236515535,193.52963743136527,191.20919076166058,2.320446669704694,3.0706971693608245
191.55160311023462,192.55667382245832,190.15841909855277,192.2083740234375,48087700,0.0,0.0,192.91689758300782,52.29156612224509,193.3263661378379,191.283204336607,2.0431618012308945,2.865190095734839
193.19355905178492,193.7110282824159,192.2282866262087,192.63629150390625,34049900,0.0,0.0,192.66811828613282,47.92049851101075,193.22020080954073,191.3834330156662,1.8367677938745146,2.659505635362774
192.95468569679736,193.45224807887718,190.79526678069877,191.59136962890625,42628800,0.0,0.0,192.2402130126953,40.18513785955646,192.96961139713542,191.39883572775807,1.5707756693773547,2.4417596421656906
186.2376030973938,187.52132261231023,182.9935016661129,184.73497009277344,82488700,0.0,0.0,190.65597229003907,31.663426192132917,191.70274350415667,190.90521605109254,0.7975274530641343,2.1129132043453795
183.32189307602442,184.973803899141,182.53573597559208,183.35174560546875,58414500,0.0,0.0,188.90455017089843,24.38776590592174,190.41797459666623,190.34569972178707,0.07227487487915596,1.7047855384521349
181.26198308479132,182.19740286158623,179.99818547387906,181.02316284179688,71983600,0.0,0.0,186.66750793457032,8.867204139663343,188.97261894207094,189.6551414343804,-0.6825224923094595,1.227323932299816
181.10277101042314,181.8690061871609,179.29163655398915,180.2967071533203,62303300,0.0,0.0,184.19959106445313,7.86466514323746,187.63786328226317,188.9619240802278,-1.32406079796462,0.7170469862469289
181.20228054123743,184.6951784875532,180.6151605231867,184.65536499023438,59144500,0.0,0.0,182.81239013671876,24.906015820483333,187.17901739118182,188.64291970319124,-1.4639023120094237,0.28085712659565837
183.02335798455337,184.24735728099782,181.83915700040632,184.23741149902344,42841800,0.0,0.0,182.71287841796874,26.29029356182302,186.72646263854207,188.31658576214176,-1.5901231235996818,-0.09333892344340966
183.4512616231925,185.49125530087693,183.02335006640843,185.28228759765625,46792900,0.0,0.0,183.09898681640624,26.29029356182302,186.50428186302116,188.09182293514283,-1.5875410721216667,-0.3921793531790611
185.6305920580053,186.13811547472974,182.7248291738061,184.6852264404297,49128400,0.0,0.0,183.8313995361328,28.166393112968606,186.22442718262246,187.83948245405298,-1.6150552714305206,-0.636754536829353
185.1529277118819,185.8296205077815,184.2871739488164,185.01361083984375,40444700,0.0,0.0,184.7747802734375,29.475211285012378,186.03814774527189,187.63015863077823,-1.5920108855063404,-0.8278058065647504
181.2719521956393,183.36170533773222,180.04793765769844,182.7347869873047,65603000,0.0,0.0,184.39066467285156,27.893615950671617,185.52993839789232,187.26753850903944,-1.7376001111471169,-1.0097646674812237
180.38628371133655,182.03817940296344,179.42101140332082,181.78939819335938,47317400,0.0,0.0,183.90106201171875,27.407427698664137,184.95447067411803,186.86175033750757,-1.907279663389545,-1.189267666662888
185.18277784532793,188.21791164443712,184.9240508532924,187.7104034423828,78005800,0.0,0.0,184.38668518066407,42.15278247337,185.37846033077415,186.92461353046127,-1.5461531996871258,-1.2606447732677357
188.4069897270921,191.01421197583775,187.89948151982946,190.62611389160156,68741000,0.0,0.0,185.57486267089843,46.773126064589896,186.18579164782452,187.1987987423976,-1.0130070945730836,-1.2111172375288055
191.3625182620258,194.37774544629707,191.32270476339474,192.94476318359375,60133900,0.0,0.0,187.16109313964844,52.08720633070934,187.22563342255825,187.62442573804177,-0.3987923154835187,-1.0486522531197482
194.06924615918857,194.79568302432682,192.8850451968675,194.22845458984375,42355600,0.0,0.0,189.45982666015624,67.67975284463392,188.30299052521755,188.11361306039746,0.18937746482009743,-0.8010463095317791
194.46730139362447,195.42262795546443,193.3925647057047,193.55178833007812,53631300,0.0,0.0,191.8123046875,69.50898767011667,189.1104978798115,188.51644085815158,0.5940570216599212,-0.5220256432934391
194.26827279243787,195.31315691300077,192.1685587692801,193.223388671875,54822100,0.0,0.0,192.91490173339844,75.26792621695007,189.74325030935972,188.86510365916814,0.8781466501915816,-0.24199118459643504
193.32288994227028,193.81049135303678,191.00424744654802,191.48190307617188,44594000,0.0,0.0,193.0860595703125,72.2310003257165,190.01073535040777,189.05894065302027,0.9517946973874984,-0.003234008199648336
191.07392183626405,191.2629979920715,188.65577567784422,190.7952880859375,47145600,0.0,0.0,192.65616455078126,64.2890523017396,190.1314357712585,189.1875589813845,0.9438767898739968,0.18618815141508072
190.00913152540437,190.86493945980703,186.55604725857967,187.12326049804688,55859400,0.0,0.0,191.23512573242186,55.83264097957109,189.6686395753798,189.03464798261876,0.6339915927610491,0.27574883968427444
186.12815142243116,186.18787167030365,183.45127824224116,183.5010223388672,55467800,0.0,0.0,189.2249725341797,46.739537848196086,188.7197753851471,188.6247497867853,0.0950255983618149,0.23960419141978254
183.09303209854838,186.03859323945602,182.9238626911125,185.94903564453125,64885400,0.0,0.0,187.77010192871094,52.16649795055703,188.29350773274467,188.42654873921092,-0.13304100646624306,0.16507515184257743
178.9831513103476,186.41673495449575,178.3761245608121,184.94395446777344,102518000,0.0,0.0,186.46251220703124,49.88329840380849,187.77819184582603,188.1685787931785,-0.39038694735248214,0.05398273200356553
187.23272451786957,188.32736786854025,184.9339886658605,186.7650146484375,69668800,0.0,0.0,185.65645751953124,56.857386609396514,187.62231843084317,188.06461107875325,-0.4422926479100795,-0.04527234397916348
