Open,High,Low,Close,Volume,Dividends,Stock Splits,Capital Gains,Moving_Average,RSI,EMA_12,EMA_26,MACD,Signal_Line
33.65999984741211,33.755001068115234,33.54999923706055,33.54999923706055,12500,0.0,0.0,0.0,,,33.54999923706055,33.54999923706055,0.0,0.0
33.189998626708984,33.470001220703125,32.73500061035156,32.959999084472656,14900,0.0,0.0,0.0,,,33.459229982816254,33.50629552205404,-0.047065539237785003,-0.009413107847557
32.650001525878906,32.709999084472656,32.33000183105469,32.5099983215332,11200,0.0,0.0,0.0,,,33.31319434261886,33.43249572942287,-0.11930138680401114,-0.03139076363884783
33.04999923706055,33.09299850463867,32.86000061035156,32.880001068115234,15900,0.0,0.0,0.0,,,33.246549223464456,33.391570198955634,-0.1450209754911782,-0.05411680600931391
32.91999816894531,32.970001220703125,32.775001525878906,32.900001525878906,2500,0.0,0.0,0.0,32.95999984741211,,33.19323419306668,33.35515770465366,-0.16192351158697704,-0.07567814712484654
32.810001373291016,33.0,32.810001373291016,32.97999954223633,4700,0.0,0.0,0.0,32.84599990844727,,33.1604288621697,33.32736821114126,-0.16693934897156026,-0.09393038749418928
32.52000045776367,32.790000915527344,32.470001220703125,32.70000076293945,9200,0.0,0.0,0.0,32.794000244140626,,33.08959376998043,33.280896548311496,-0.1913027783310639,-0.11340486566156421
32.65999984741211,32.70000076293945,32.400001525878906,32.70000076293945,3900,0.0,0.0,0.0,32.832000732421875,,33.02965638428182,33.23786723087653,-0.20821084659471012,-0.1323660618481934
32.61000061035156,32.6510009765625,32.494998931884766,32.606998443603516,2600,0.0,0.0,0.0,32.777400207519534,,32.96463208571593,33.19113620959705,-0.22650412388112073,-0.1511936742547789
32.529998779296875,32.819000244140625,32.529998779296875,32.68000030517578,5900,0.0,0.0,0.0,32.73339996337891,,32.92084258101744,33.15327429075103,-0.2324317097335893,-0.16744128135054098
33.119998931884766,33.130001068115234,32.959999084472656,33.06999969482422,58100,0.0,0.0,0.0,32.751399993896484,,32.943789829295405,33.14710580216386,-0.20331597286845238,-0.17461621965412327
32.85499954223633,32.862998962402344,32.79999923706055,32.79999923706055,1000,0.0,0.0,0.0,32.771399688720706,,32.92166819972081,33.121394204748796,-0.19972600502798343,-0.17963817672889532
32.939998626708984,33.18299865722656,32.91299819946289,33.099998474121094,5200,0.0,0.0,0.0,32.85139923095703,,32.949103626551626,33.119809335813414,-0.17070570926178874,-0.177851683235474
33.5890007019043,33.849998474121094,33.4900016784668,33.849998474121094,2200,0.0,0.0,0.0,33.099999237060544,54.09163795588234,33.087702833870004,33.1738974201325,-0.08619458626249354,-0.15952026384087792
33.88999938964844,34.09000015258789,33.70500183105469,34.09000015258789,102000,0.0,0.0,0.0,33.38199920654297,56.91244374648416,33.24190242136506,33.24175688179586,0.00014553956920337896,-0.12758710315886168
34.040000915527344,34.33000183105469,34.0,34.13999938964844,19700,0.0,0.0,0.0,33.59599914550781,67.52820219905755,33.38007118571635,33.308293363859015,0.07177782185733861,-0.08771411815562163
34.470001220703125,34.72999954223633,34.34700012207031,34.650001525878906,37200,0.0,0.0,0.0,33.965999603271484,81.23174632866684,33.5754450842029,33.40767915363826,0.1677659305646344,-0.036618108411570434
34.90999984741211,35.09000015258789,34.90999984741211,35.040000915527344,20300,0.0,0.0,0.0,34.354000091552734,81.34065571556508,33.80076136594512,33.52859187674116,0.2721694892039608,0.025139411111535812
34.98500061035156,35.0099983215332,34.439998626708984,34.987998962402344,19000,0.0,0.0,0.0,34.581600189208984,80.01717598696116,33.98341330386162,33.63669610530866,0.3467171985529589,0.08945496859982044
35.04999923706055,35.15999984741211,34.880001068115234,34.880001068115234,6383,0.0,0.0,0.0,34.739600372314456,77.09639443007013,34.121349882977555,33.728792769220256,0.39255711375729874,0.1500753976313161
